47.75004027,11.73545244
47.75062263,11.73705682
47.75047277,11.73843606
47.75035987,11.73864353
47.75066960,11.73923331
47.75091478,11.73951294
47.75149808,11.73957026
47.75203303,11.74014522
47.75258124,11.74129443
47.75307222,11.74182709
47.75394364,11.74187291
47.75482913,11.74170605
47.75627256,11.74340932
47.75663489,11.74405532
47.75703836,11.74523707
47.75717901,11.74612486
47.75749194,11.74695505
47.75823931,11.74804825
47.75901262,11.74880935
47.75939540,11.74897628
47.75976277,11.74903567
47.76012722,11.74884144
47.76021957,11.74836607
47.76044440,11.74761754
47.76093590,11.74737664
47.76157159,11.74825059
47.76209946,11.74911887
47.76275879,11.75275563
47.76278803,11.75341087
47.76291801,11.75399139
47.76324850,11.75446244
47.76362103,11.75505578
47.76406865,11.75589324
47.76404238,11.75698582
47.76397536,11.75827635
47.76412169,11.75967156
47.76410919,11.76093830
47.76423977,11.76149220
47.76453846,11.76253530
47.76498762,11.76330621
47.76566040,11.76412903
47.76589077,11.76390110
47.76618050,11.76307594
47.76756975,11.76178872
47.76795701,11.76102206
47.76842768,11.76090023
47.76972642,11.76262350
47.76980983,11.76326837
47.77017363,11.76422164
47.77023649,11.76497216
47.77058939,11.76563133
47.77100388,11.76634716
47.77114018,11.76740848
47.77179402,11.76789687
47.77293840,11.76855810
47.77346328,11.76879949
47.77442509,11.76957116
47.77488005,11.76935515
47.77575332,11.77006877
47.77657622,11.77063294
47.77756983,11.77083257
47.77754503,11.77185878
47.77737810,11.77281070
47.77751023,11.77329814
47.77764506,11.77255802
47.77780555,11.77187264
47.77791346,11.77075744
47.77793535,11.76985117
47.77790723,11.76840846
47.77768880,11.76739601
47.77763106,11.76717943
47.77794872,11.76668921
47.77833736,11.76437452
47.77981135,11.76143675
47.78022941,11.76088507
47.78070522,11.76054996
47.78138411,11.76037241
47.78352537,11.76184718
47.78450199,11.76237943
47.78516196,11.76224092
47.78599036,11.76257848
47.78671288,11.76283036
47.78664098,11.76394768
47.78672404,11.76497979
47.78694409,11.76592576
47.78740153,11.76709790
47.78796838,11.76820914
47.78827279,11.76901280
47.78850150,11.76959890
47.78854603,11.77036206
47.78858862,11.77120521
47.78938843,11.77160816
47.78959924,11.77144586
47.78964612,11.77099453
47.78960833,11.77032514
47.78995201,11.76950252
47.79141581,11.76773834
47.79191860,11.76703091
47.79233951,11.76748042
47.79445227,11.76677844
47.79520688,11.76681854
47.79570416,11.76708525
47.79641449,11.76709630
47.79729937,11.76695643
47.79824648,11.76684657
47.79890645,11.76670810
47.79966331,11.76665487
47.80106950,11.76727698
47.80150070,11.76729990
47.80203490,11.76715474
47.80260825,11.76687815
47.80379087,11.76670069
47.80500843,11.76693898
47.80594174,11.76702865
47.80713501,11.76566342
47.80742496,11.76706745
47.80761098,11.76793188
47.80841381,11.77044478
47.80870753,11.77206272
47.80885601,11.77261808
47.80968961,11.77459864
47.80994615,11.77552031
47.81014620,11.77654580
47.81021110,11.77795132
47.81009515,11.78050888
47.81013159,11.78123188
47.81219308,11.78783182
47.81321127,11.78960900
47.81375222,11.79066625
47.81403915,11.79144281
47.81538295,11.79314412
47.81577777,11.79355259
47.81659510,11.79507883
47.81784888,11.79714942
47.81859219,11.80428094
47.81879507,11.80481272
47.81939483,11.80529914
47.82084960,11.80576490
47.82335328,11.80674140
47.82451275,11.80677726
47.82553077,11.80671198
47.82707814,11.80670199
47.82765910,11.80685356
47.82849125,11.80629738
47.82926542,11.80627237
47.83012027,11.80589104
47.83062120,11.80563755
47.83111409,11.80460884
47.83160502,11.80366015
47.83162002,11.80304647
47.83097632,11.80251752
47.83076869,11.80181170
47.83044190,11.79972358
47.82968701,11.79785290
47.82915080,11.79623448
47.82879220,11.79397111
47.82883347,11.79116821
47.82906519,11.79088677
47.82938955,11.79086411
47.82871331,11.78945198
47.82839550,11.78772516
47.82853433,11.78682428
47.82794601,11.78512307
47.82803716,11.78359184
47.82819683,11.78257186
47.82849814,11.78238762
47.82840049,11.77973759
47.82815459,11.77874935
47.82823922,11.77525420
47.82875011,11.77198212
47.82944916,11.76948140
47.82913298,11.76767462
47.82918286,11.76560682
47.82966035,11.76408270
47.82950446,11.76345995
47.82972652,11.76245655
47.82937364,11.76104860
47.82958284,11.76020480
47.82921486,11.75867584
47.82805632,11.75785301
47.82735817,11.75696113
47.82745564,11.75402769
47.82733026,11.75699972
47.82789173,11.75759049
47.82878237,11.75833232
47.82921486,11.75867584
47.82958381,11.76016478
47.82940348,11.76092996
47.82975443,11.76241796
47.82953044,11.76350141
47.82971232,11.76416561
47.82923580,11.76564971
47.82910699,11.76763316
47.82942414,11.76939992
47.82881525,11.77189209
47.82829312,11.77525708
47.82810166,11.77870645
47.82842744,11.77973903
47.82856393,11.78227092
47.82811501,11.78260756
47.82809300,11.78351469
47.82800089,11.78508594
47.82858920,11.78678715
47.82839648,11.78768514
47.82874124,11.78941340
47.82936845,11.79062253
47.82927786,11.79101841
47.82892752,11.79099960
47.82882178,11.79164846
47.82887003,11.79336083
47.82889988,11.79435091
47.82915471,11.79607440
47.82940944,11.79706322
47.82987487,11.79826375
47.83046885,11.79972503
47.83074957,11.80149007
47.83103022,11.80252042
47.83167294,11.80308940
47.83165794,11.80370308
47.83111605,11.80452879
47.83067118,11.80580054
47.83058641,11.80595627
47.83174932,11.80695411
47.83417328,11.80751246
47.83482773,11.80760123
47.83527982,11.80750541
47.83522805,11.80778316
47.83462766,11.80805800
47.83398986,11.80802356
47.83310871,11.80837674
47.83230922,11.80833355
47.83117441,11.80765779
47.83052257,11.80746229
47.82978302,11.80754259
47.82928177,11.80780940
47.82899350,11.80819457
47.82875994,11.80891663
47.82758005,11.81008178
47.82621575,11.81106327
47.82486941,11.81204569
47.82413391,11.81306109
47.82293990,11.81479960
47.82234623,11.81443357
47.82237699,11.81317977
47.82180731,11.81293526
47.82148868,11.81235709
47.82101862,11.81245188
47.82146369,11.81227560
47.82178036,11.81293381
47.82237994,11.81305972
47.82234819,11.81435354
47.82288601,11.81479668
47.82410794,11.81301961
47.82484443,11.81196420
47.82624270,11.81106473
47.82752713,11.81003885
47.82873397,11.80887515
47.82899350,11.80819457
47.82925482,11.80780794
47.82978498,11.80746255
47.83060440,11.80742664
47.83120136,11.80765924
47.83242502,11.80837989
47.83313566,11.80837819
47.83393596,11.80802065
47.83468351,11.80798086
47.83505394,11.80828141
47.83528603,11.80872145
47.83575674,11.80859992
47.83618333,11.81027956
47.83684955,11.80988806
47.83745535,11.80829089
47.83849787,11.80722495
47.83903113,11.80638532
47.83939273,11.80631132
47.83979239,11.80578511
47.84034688,11.80554783
47.84096001,11.80548739
47.84337593,11.80453551
47.84363562,11.80421549
47.84389447,11.80356137
47.84471943,11.80329855
47.84524009,11.80260509
47.84681056,11.80091258
47.84693219,11.79998377
47.84723756,11.79926529
47.84836443,11.79805653
47.84947339,11.79758172
47.85060734,11.79718841
47.85135287,11.79649355
47.85175208,11.79524549
47.85313089,11.79366254
47.85393659,11.79234271
47.85424614,11.79145058
47.85442472,11.79076523
47.85495949,11.78985844
47.85629720,11.78811267
47.85699766,11.78778941
47.85868604,11.78715828
47.85929463,11.78728449
47.86037532,11.78797067
47.86078086,11.78793897
47.86126064,11.78744344
47.86191326,11.78723787
47.86250635,11.78652118
47.86380988,11.78655101
47.86513734,11.78707671
47.86579113,11.78608252
47.86631420,11.78565609
47.86876368,11.78590779
47.86951145,11.78622863
47.86974881,11.78645526
47.87056854,11.78640567
47.87098783,11.78654848
47.87132941,11.78692777
47.87212447,11.78678327
47.87284756,11.78700925
47.87345842,11.78704204
47.87439720,11.78690526
47.87497060,11.78662853
47.87656730,11.78569811
47.87726646,11.78542812
47.87816116,11.78451345
47.87867185,11.78348457
47.87858883,11.78319934
47.87827345,11.78322254
47.87789995,11.78341645
47.87752516,11.78366376
47.87716227,11.78379137
47.87732577,11.78298456
47.87826027,11.78191154
47.87840417,11.78117050
47.87880841,11.78119216
47.87950886,11.78086867
47.88161699,11.78110195
47.88440921,11.78094401
47.88616967,11.78067728
47.88809093,11.78008483
47.88957719,11.77925506
47.89047081,11.77875461
47.89178907,11.77891882
47.89246539,11.77884804
47.89275340,11.77772667
47.89220823,11.77646707
47.89178712,11.77565548
47.89088990,11.77481844
47.89103501,11.77216483
47.89095658,11.77094364
47.89084506,11.76997478
47.89283881,11.77159249
47.89401808,11.77229746
47.89521494,11.77339127
47.89662492,11.77385452
47.89751161,11.77438344
47.89906486,11.77561683
47.90077307,11.77676495
47.90177944,11.77717998
47.90387269,11.77802780
47.90495358,11.77796530
47.90549799,11.77814161
47.90655153,11.77846560
47.90728110,11.77842441
47.90857767,11.77799888
47.91009873,11.77795996
47.91147646,11.77752537
47.91215286,11.77707995
47.91302695,11.77627048
47.91333026,11.77563113
47.91383733,11.77474846
47.91442498,11.77350883
47.91513139,11.77182061
47.91582299,11.77037240
47.91722213,11.76793164
47.91812356,11.76598604
47.91876502,11.76474909
47.91855300,11.76421593
47.91872693,11.76371673
47.91877831,11.76307719
47.91858009,11.76234406
47.91815281,11.76141141
47.91813619,11.76023302
47.91805923,11.75931904
47.91808269,11.75834350
47.91816870,11.75738466
47.91899743,11.75658575
47.91984219,11.75624261
47.92061925,11.75609659
47.92019544,11.75501694
47.92050665,11.75479262
47.91965338,11.74798984
47.91898629,11.74278946
47.91835106,11.73775146
47.91781737,11.73297317
47.92050162,11.73205757
47.92425673,11.73074330
47.93013169,11.72841627
47.93366217,11.72708970
47.94296140,11.72373717
47.95164331,11.72061886
47.95584420,11.71908546
47.95749746,11.71802068
47.96069003,11.71576442
47.96205762,11.71536745
47.96469854,11.71475600
47.96639662,11.71445667
47.96752070,11.71408704
47.97060591,11.71332465
47.97294785,11.70594636
47.97448481,11.70026681
47.97820952,11.68719902
47.97845428,11.68711796
47.97667770,11.68308734
47.97516542,11.67967347
47.97616980,11.67941739
47.98075644,11.67828848
47.98264133,11.67151327
47.98445732,11.66536371
47.98646600,11.65864751
47.98559736,11.65809373
47.98478355,11.65750260
47.98418534,11.65692256
47.98287554,11.65522081
47.98146906,11.65380892
47.98018371,11.65299277
47.97878806,11.65188969
47.97806683,11.65118292
47.97867646,11.65049076
47.97891775,11.64977972
47.97958437,11.64895649
47.98032683,11.64757447
47.98190572,11.64619500
47.98344897,11.64480023
47.98528497,11.64358111
47.98619658,11.64266304
47.98718160,11.64168169
47.98772829,11.64098609
47.98896361,11.64007105
47.99014945,11.63974302
47.99191734,11.63913648
47.99399623,11.63830457
47.99560467,11.63641676
47.99631872,11.63626556
47.99623588,11.63556449
47.99650471,11.63521637
47.99912269,11.63480036
47.99955624,11.63236996
48.00048494,11.62677506
48.00427407,11.62824089
48.00817314,11.62961871
48.00832507,11.62887582
48.01038255,11.62818962
48.01205166,11.62796620
48.01310801,11.62779204
48.01401286,11.62755654
48.01487953,11.62702417
48.01541786,11.62668959
48.01571240,11.62639623
48.01692659,11.62561337
48.01861968,11.62473414
48.02027795,11.62341066
48.02130969,11.62273906
48.02436372,11.62094997
48.02491848,11.62068314
48.02650312,11.61982494
48.02823370,11.61808909
48.02916187,11.61722432
48.02907281,11.61679071
48.02940490,11.61405861
48.02993792,11.61198031
48.03098726,11.60974031
48.03197063,11.60763100
48.03267885,11.60694261
48.03350537,11.60619313
48.03321569,11.60468996
48.03298892,11.60398118
48.03226098,11.60276439
48.03166857,11.60191652
48.03122143,11.60100895
48.03158487,11.60045063
48.03229941,11.59948085
48.03292831,11.59951251
48.03365876,11.59942859
48.03407299,11.59821568
48.03362521,11.59733488
48.03410048,11.59620548
48.03437183,11.59494511
48.03500385,11.59324688
48.03452273,11.59264606
48.03498132,11.58946391
48.03568443,11.58979421
48.03622267,11.58945911
48.03644774,11.58865232
48.03650693,11.58762263
48.03724531,11.58678790
48.03555471,11.58117790
48.03560485,11.58014776
48.03589963,11.57943830
48.03612072,11.57880561
48.03589047,11.57824426
48.03570068,11.57748377
48.03585172,11.57636479
48.03570413,11.57572711
48.03619771,11.57537622
48.03673651,11.57501417
48.03782756,11.57449190
48.04164368,11.57277764
48.04187047,11.57108555
48.04487278,11.57116803
48.04532860,11.57089564
48.04571433,11.57094168
48.04654482,11.57040625
48.05086192,11.56840782
48.05496965,11.56651940
48.05980629,11.56421074
48.06193343,11.56078761
48.06595778,11.55455980
48.06804761,11.55199286
48.07016643,11.54933321
48.07142612,11.54769112
48.07173842,11.54537142
48.07248526,11.54495199
48.07324167,11.54450617
48.07378335,11.54400949
48.07402401,11.54329664
48.07460027,11.54205006
48.07437033,11.53943506
48.07486863,11.53927171
48.07557566,11.53902468
48.07646742,11.53855857
48.07734693,11.53823949
48.07794466,11.53805417
48.07831866,11.53781756
48.07883197,11.53778914
48.07988830,11.53801563
48.08010817,11.53824122
48.08033486,11.53815842
48.08123173,11.53908848
48.08240562,11.54009934
48.08306574,11.54034664
48.08447632,11.54041616
48.08559702,11.54057878
48.08636376,11.54088506
48.08704934,11.54120077
48.08775712,11.54173237
48.08840409,11.54216702
48.08907861,11.54257618
48.08976091,11.54303945
48.09022098,11.54338435
48.09146931,11.54387558
48.09095518,11.54434693
48.09037311,11.54504315
48.08998964,11.54611164
48.09100287,11.54665844
48.09208947,11.54714176
48.09276842,11.54734986
48.09224654,11.54816987
48.09190905,11.54838142
48.09194177,11.54893348
48.09217169,11.55073046
48.09261491,11.55061815
48.09304319,11.55077360
48.09373232,11.55092855
48.09431303,11.55110499
48.09504976,11.55114147
48.09624291,11.55128110
48.09740251,11.55131167
48.09839021,11.55138744
48.09912634,11.55145075
48.09984957,11.55128515
48.10063753,11.55144503
48.10210085,11.55197406
48.10278043,11.55255830
48.10311412,11.55332683
48.10379283,11.55435419
48.10458412,11.55517231
48.10530174,11.55606737
48.10607117,11.55705903
48.10685136,11.55797068
48.10748600,11.55895570
48.10832008,11.55987008
48.10933653,11.56026979
48.11018047,11.56033861
48.11099745,11.56040609
48.11167517,11.56026519
48.11241967,11.55995300
48.11306325,11.55972980
48.11390329,11.55957009
48.11578492,11.55948902
48.11640365,11.55957351
48.11695290,11.55995005
48.11858031,11.56158914
48.11944850,11.56258607
48.12035502,11.56388046
48.12162148,11.56597197
48.12254980,11.56789894
48.12472465,11.57199738
48.12725717,11.57658430
48.12780445,11.57784771
48.12753607,11.57818358
48.12719587,11.57811280
48.12695456,11.57764393
48.12689879,11.57812478
48.12723236,11.57849080
48.12740325,11.57929202
48.12772957,11.57998012
48.12797534,11.58065075
48.12815104,11.58123727
48.12820112,11.58261016
48.12833544,11.58343644
48.12872463,11.58412774
48.12957525,11.58509749
48.13037823,11.58618581
48.13143841,11.58743489
48.13191431,11.58587337
